     1 0
S   9 1.00       0.000000000000
     0.1279000000D+06  0.2408031561D-03
     0.1917000000D+05  0.1868281399D-02
     0.4363000000D+04  0.9694154040D-02
     0.1236000000D+04  0.3925828587D-01
     0.4036000000D+03  0.1257356400D+00
     0.1457000000D+03  0.2988351996D+00
     0.5681000000D+02  0.4208754485D+00
     0.2323000000D+02  0.2365405891D+00
     0.6644000000D+01  0.2173229091D-01
S   8 1.00       0.000000000000
     0.4363000000D+04 -0.5509651144D-04
     0.1236000000D+04 -0.1827052095D-03
     0.4036000000D+03 -0.3349963673D-02
     0.1457000000D+03 -0.1551112657D-01
     0.5681000000D+02 -0.8105480450D-01
     0.2323000000D+02 -0.6242986825D-01
     0.6644000000D+01  0.5017502668D+00
     0.2575000000D+01  0.6035924775D+00
S   8 1.00       0.000000000000
     0.4363000000D+04 -0.8775576945D-05
     0.1236000000D+04  0.3255402581D-04
     0.1457000000D+03  0.1779675118D-02
     0.5681000000D+02  0.5055938978D-02
     0.2323000000D+02  0.1351339040D-01
     0.6644000000D+01 -0.1324943422D+00
     0.2575000000D+01 -0.4360576759D+00
     0.5371000000D+00  0.1237601371D+01
S   1 1.00       0.000000000000
     0.1938000000D+00  0.1000000000D+01
S   1 1.00       0.000000000000
     0.6080000000D-01  0.1000000000D+01
P   6 1.00       0.000000000000
     0.4176000000D+03  0.5264464995D-02
     0.9833000000D+02  0.3986808520D-01
     0.3104000000D+02  0.1648068774D+00
     0.1119000000D+02  0.3876806852D+00
     0.4249000000D+01  0.4575650195D+00
     0.1624000000D+01  0.1513597742D+00
P   6 1.00       0.000000000000
     0.9833000000D+02  0.1400555738D-03
     0.3104000000D+02 -0.3104349717D-02
     0.1119000000D+02 -0.7983955198D-02
     0.4249000000D+01 -0.4288879095D-01
     0.1624000000D+01  0.1968140533D+00
     0.5322000000D+00  0.8722929134D+00
P   1 1.00       0.000000000000
     0.1620000000D+00  0.1000000000D+01
P   1 1.00       0.000000000000
     0.4660000000D-01  0.1000000000D+01
D   1 1.00       0.000000000000
     0.6000000000D+00  0.1000000000D+01
D   1 1.00       0.000000000000
     0.1960000000D+00  0.1000000000D+01
****
