 1.00146  -0.27876   0.00000   0.00000   0.00000   0.08188   0.00000   0.00000   0.00000  -0.03217
-0.00513   1.03993   0.00000   0.00000   0.00000  -0.30613   0.00000   0.00000   0.00000  -0.09809
 0.00115   0.04677   0.00000   0.00000   0.00000   0.47768   0.00000   0.00000   0.00000  -0.50604
 0.00032  -0.02644   0.00000   0.00000   0.00000   0.56421   0.00000   0.00000   0.00000  -0.25682
-0.00006  -0.00330   0.00000   0.00000   0.00000   0.06225   0.00000   0.00000   0.00000   2.32982
 0.00000   0.00000  -0.15529   0.78466   0.59951   0.00000  -0.23002   0.00863   0.09884   0.00000
 0.00000   0.00000   0.51105  -0.45542   0.72845   0.00000  -0.07461  -0.17953  -0.15797   0.00000
 0.00000   0.00000   0.84495   0.41967  -0.33040   0.00000  -0.06540   0.17449  -0.16742   0.00000
 0.00000   0.00000  -0.00012   0.00059   0.00045   0.00000   0.54869  -0.02058  -0.23577   0.00000
 0.00000   0.00000   0.00038  -0.00034   0.00055   0.00000   0.17798   0.42826   0.37682   0.00000
 0.00000   0.00000   0.00063   0.00032  -0.00025   0.00000   0.15600  -0.41623   0.39936   0.00000
 0.00000   0.00000  -0.00025   0.00126   0.00096   0.00000   0.43828  -0.01644  -0.18833   0.00000
 0.00000   0.00000   0.00082  -0.00073   0.00117   0.00000   0.14216   0.34208   0.30099   0.00000
 0.00000   0.00000   0.00135   0.00067  -0.00053   0.00000   0.12461  -0.33247   0.31900   0.00000
 0.00000   0.00000   0.00007  -0.00037  -0.00028   0.00000   0.11666  -0.00437  -0.05013   0.00000
 0.00000   0.00000  -0.00024   0.00022  -0.00035   0.00000   0.03784   0.09106   0.08012   0.00000
 0.00000   0.00000  -0.00040  -0.00020   0.00016   0.00000   0.03317  -0.08850   0.08491   0.00000
-0.00047  -0.00130   0.00000   0.00000   0.00000   0.00037   0.00000   0.00000   0.00000  -0.02795
-0.00047  -0.00130   0.00000   0.00000   0.00000   0.00037   0.00000   0.00000   0.00000  -0.02795
-0.00047  -0.00130   0.00000   0.00000   0.00000   0.00037   0.00000   0.00000   0.00000  -0.02795
 0.00000   0.00000   0.00000   0.00000   0.00000   0.00000   0.00000   0.00000   0.00000   0.00000
 0.00000   0.00000   0.00000   0.00000   0.00000   0.00000   0.00000   0.00000   0.00000   0.00000
 0.00000   0.00000   0.00000   0.00000   0.00000   0.00000   0.00000   0.00000   0.00000   0.00000
 0.00001   0.00629   0.00000   0.00000   0.00000  -0.00619   0.00000   0.00000   0.00000  -0.56916
 0.00001   0.00629   0.00000   0.00000   0.00000  -0.00619   0.00000   0.00000   0.00000  -0.56916
 0.00001   0.00629   0.00000   0.00000   0.00000  -0.00619   0.00000   0.00000   0.00000  -0.56916
 0.00000   0.00000   0.00000   0.00000   0.00000   0.00000   0.00000   0.00000   0.00000   0.00000
 0.00000   0.00000   0.00000   0.00000   0.00000   0.00000   0.00000   0.00000   0.00000   0.00000
 0.00000   0.00000   0.00000   0.00000   0.00000   0.00000   0.00000   0.00000   0.00000   0.00000
